Input Tokens,Output Tokens
4115,898